/*********************************************
 * OPL 12.7.0.0 Data
 * Author: s1422237
 * Creation Date: 14 Aug 2017 at 13:12:10
 *********************************************/
nbmonths=4;
fc=100;
h=1;
p=10;
meandemand=[20 40 60 40];
coefficient=0.25;
uc=0;



nbpartitions = 6;
prob = [0.09877694599482933, 0.18223645973091096, 0.2189865942742597, 0.2189865942742597, 0.18223645973091096, 0.09877694599482933];
means = [-1.7608020666235031, -0.8960107374480083, -0.28188851144130117, 0.28188851144130117, 0.8960107374480083, 1.7608020666235031];
error = 0.01574607463566398;

